HRITHIK 25  9 2003 1551 55.870000
SAKSHI 25  9 2003 1519 98.170000
VIKAS 25  9 2003 1891 97.900000
TANVI 24  9 2003 1741 65.950000
RISHAV 24  9 2003 1563 92.810000
AMAN 23  9 2003 1412 55.350000
MOHINDER 22  9 2003 1411 58.370000
SIDDHI 20  9 2003 1745 76.500000
SUDIP 19  9 2003 1838 43.540000
RANDHEER 17  9 2003 1673 60.710000
KARAMTOTE 15  9 2003 1865 73.820000
HRITIK 15  9 2003 1605 98.050000
SHASHI 14  9 2003 1795 83.710000
ANKIT 14  9 2003 1880 89.590000
PRABHAT 13  9 2003 1558 87.030000
NARESH 11  9 2003 1514 88.580000
RAHUL 10  9 2003 1836 53.900000
GOPATHI 10  9 2003 1799 66.290000
PRINCE 28  8 2003 1707 51.820000
SUNIL 26  8 2003 1460 70.860000
ROHAN 26  8 2003 1666 72.590000
DIVYANSHU 23  8 2003 1552 86.760000
SARTHAK 23  8 2003 1724 89.310000
ABHAY 23  8 2003 1757 64.350000
GAURAV 21  8 2003 1706 56.900000
ANKUR 19  8 2003 1863 93.880000
SURENDRA 18  8 2003 1545 79.110000
SIDDHARTH 17  8 2003 1669 42.430000
LAVISH 16  8 2003 1718 88.300000
VAIBHAV 14  8 2003 1841 93.440000
SHRADHA 14  8 2003 1677 44.490000
SHIVAM 11  8 2003 1814 71.880000
HARASHIT 10  8 2003 1484 87.620000
DIVYANSHU 28  7 2003 1809 82.450000
MAYANK 27  7 2003 1683 75.140000
PRASHANT 27  7 2003 1826 63.450000
CHAITANYA 26  7 2003 1490 43.690000
ADARSH 25  7 2003 1561 77.360000
AYUSH 24  7 2003 1840 80.690000
DEVANG 23  7 2003 1730 70.730000
SHIVAM 22  7 2003 1729 66.470000
GAJENDER 22  7 2003 1729 80.000000
RITIKA 17  7 2003 1743 73.260000
PARU 16  7 2003 1647 91.850000
PRAFULL 15  7 2003 1634 54.530000
UMESH 13  7 2003 1441 59.120000
MANISHA 10  7 2003 1698 70.040000
KALADI 26  6 2003 1834 48.660000
ABHYUDAY 25  6 2003 1555 68.910000
SHIVAM 22  6 2003 1633 97.770000
ASHWANI 21  6 2003 1798 59.200000
GAURAV 19  6 2003 1711 65.910000
ATHARVA 15  6 2003 1830 42.830000
ANURAG 11  6 2003 1797 84.830000
NIKHIL 24  5 2003 1624 60.410000
YADURAJ 23  5 2003 1833 82.330000
RAHUL 23  5 2003 1499 82.720000
RAHUL 21  5 2003 1540 89.310000
MADHAV 21  5 2003 1766 80.250000
MOHIT 21  5 2003 1831 63.490000
ADITI 19  5 2003 1444 55.540000
JATIN 14  5 2003 1528 48.650000
ANIKET 14  5 2003 1490 89.940000
RAHUL 11  5 2003 1486 86.170000
HARKIRAT 28  4 2003 1436 96.000000
NARESH 27  4 2003 1574 50.070000
RAHUL 26  4 2003 1569 71.220000
VISHAL 26  4 2003 1676 62.840000
HIMANSHU 26  4 2003 1414 51.460000
DIPTANSHU 25  4 2003 1862 86.790000
PRASHANT 25  4 2003 1587 57.050000
YANIK 21  4 2003 1709 47.280000
ABHISHEK 20  4 2003 1573 85.420000
DIYAKSHI 19  4 2003 1588 44.610000
PUTTA 16  4 2003 1754 74.210000
AJAY 16  4 2003 1820 54.660000
DHANANJAY 15  4 2003 1570 65.750000
SAFALATA 25  3 2003 1797 51.600000
RAVI 23  3 2003 1654 43.800000
VINIT 21  3 2003 1733 68.860000
ANMOL 20  3 2003 1738 40.030000
SUMIT 19  3 2003 1802 92.730000
SOURAV 17  3 2003 1553 58.810000
AJAY 16  3 2003 1787 85.850000
MADHUJ 12  3 2003 1898 93.010000
SHIVAM 28  2 2003 1476 45.540000
DEEPAK 28  2 2003 1484 94.020000
ABHISHEK 27  2 2003 1722 95.310000
TANVI 27  2 2003 1684 41.090000
PRABUDDH 18  2 2003 1400 53.420000
LOKESH 17  2 2003 1585 88.060000
DILKUSH 16  2 2003 1598 41.780000
MUDIT 16  2 2003 1502 85.930000
BRATEESH 15  2 2003 1713 63.000000
VEDIK 15  2 2003 1568 53.210000
ASHISH 15  2 2003 1435 87.190000
AJAY 14  2 2003 1456 59.670000
RISHIDEV 13  2 2003 1423 42.380000
NIKHIL 13  2 2003 1789 83.970000
ASHAY 12  2 2003 1569 74.030000
ROHAN 10  2 2003 1760 85.000000
ADITI 10  2 2003 1633 50.480000
ANURAG 10  2 2003 1517 88.720000
LAKSHYA 28  1 2003 1871 92.620000
PARITOSH 24  1 2003 1614 88.520000
SANGRAM 23  1 2003 1764 46.570000
PRADEEP 20  1 2003 1797 59.790000
RAJBIR 19  1 2003 1507 53.410000
SAKSHAM 19  1 2003 1526 71.140000
ADITYA 18  1 2003 1762 91.540000
VANKAYALAPATI 18  1 2003 1601 55.020000
SUKRATI 16  1 2003 1680 77.050000
HIMANSHU 16  1 2003 1604 75.530000
SURYANSH 15  1 2003 1442 81.500000
ARPIT 15  1 2003 1816 45.330000
AMAN 14  1 2003 1674 77.580000
SAVI 13  1 2003 1584 55.200000
PANKAJ 13  1 2003 1754 48.480000
RITVIK 11  1 2003 1527 67.910000
GAURAV 10  1 2003 1570 51.480000
DEEPIKA 28  9 2002 1839 40.040000
NIKHIL 24  9 2002 1545 56.020000
RASHI 15  9 2002 1574 95.340000
KANISHAK 14  9 2002 1841 86.450000
ANANYE 13  9 2002 1611 45.020000
ANKIT 13  9 2002 1444 61.900000
ROHIT 13  9 2002 1539 71.940000
VIKAS 13  9 2002 1662 53.380000
SHREYA 12  9 2002 1515 43.510000
SARTHAK 11  9 2002 1701 58.480000
BRIJVASI 28  8 2002 1807 54.670000
NAMITA 25  8 2002 1580 58.580000
HARSHIT 23  8 2002 1777 49.750000
LAKSHYA 22  8 2002 1615 92.200000
MUDIT 22  8 2002 1576 42.090000
ANSHUL 18  8 2002 1428 90.310000
SRI 18  8 2002 1689 54.170000
AYUSH 18  8 2002 1838 62.000000
GAURI 16  8 2002 1886 43.910000
GOHIL 15  8 2002 1461 42.440000
ANUBHAV 14  8 2002 1468 70.200000
RAVI 14  8 2002 1647 49.090000
VARDHAN 12  8 2002 1729 81.610000
SIDDHARTH 12  8 2002 1479 45.070000
AKANKSHA 11  8 2002 1728 84.260000
SANJAY 11  8 2002 1584 73.690000
RATHOD 28  7 2002 1741 82.410000
NISARG 27  7 2002 1493 99.700000
DIALANI 27  7 2002 1537 81.280000
ABHIJAAT 27  7 2002 1649 80.020000
HARKANWAR 24  7 2002 1685 80.060000
LOKESH 23  7 2002 1403 65.700000
SHASHANK 21  7 2002 1759 81.210000
SHREYASH 20  7 2002 1700 68.030000
BIR 19  7 2002 1815 94.320000
PRASHANT 19  7 2002 1420 42.930000
BHAVESH 14  7 2002 1609 91.100000
JASHANDEEP 14  7 2002 1792 99.260000
MRITUNJAY 28  6 2002 1789 85.230000
JAYADITYA 28  6 2002 1460 52.330000
PREET 28  6 2002 1792 72.190000
AKSHAT 22  6 2002 1816 41.510000
DEEPAK 20  6 2002 1837 51.070000
ROHAN 19  6 2002 1625 79.210000
ANIL 18  6 2002 1406 51.720000
VEDANT 18  6 2002 1811 51.670000
ARYAMAN 16  6 2002 1784 63.800000
SARTHAK 14  6 2002 1592 78.670000
ANIKET 13  6 2002 1801 93.860000
PANKAJ 28  5 2002 1719 41.110000
SUMIR 27  5 2002 1883 40.560000
AJAY 25  5 2002 1649 45.040000
ANMOL 25  5 2002 1715 56.980000
MAYANK 23  5 2002 1544 78.190000
DHEERAJ 20  5 2002 1891 55.980000
PRATEEK 17  5 2002 1798 84.740000
AKASHI 16  5 2002 1846 53.750000
PALASH 16  5 2002 1808 82.450000
ABHISHEK 16  5 2002 1897 94.150000
SUNIL 16  5 2002 1896 44.630000
MAHAK 14  5 2002 1598 48.530000
NALLA 14  5 2002 1743 68.220000
MANOJ 11  5 2002 1891 94.540000
PRAKHAR 26  4 2002 1481 49.850000
MADHUR 26  4 2002 1852 67.860000
PRADEEP 25  4 2002 1734 93.690000
KANISHKA 24  4 2002 1540 58.380000
GADUPUTI 23  4 2002 1588 77.560000
SHIVA 23  4 2002 1573 90.070000
NEHA 22  4 2002 1603 90.950000
NAMAN 21  4 2002 1658 90.910000
AVIRUDDH 20  4 2002 1721 95.390000
ABHISHEK 20  4 2002 1644 52.130000
AMAN 19  4 2002 1854 71.750000
T 19  4 2002 1618 73.450000
ABHISHEK 19  4 2002 1742 57.620000
NAMAN 13  4 2002 1500 92.480000
RUSHI 12  4 2002 1521 77.130000
MEDHA 11  4 2002 1610 57.560000
MOHIT 27  3 2002 1646 88.600000
MAHESH 25  3 2002 1605 68.060000
SANSKAR 25  3 2002 1456 98.420000
KUNAL 19  3 2002 1472 95.820000
NEETAN 19  3 2002 1838 57.710000
RAKESH 18  3 2002 1685 44.660000
RAJAS 15  3 2002 1558 54.850000
HRITHIK 27  2 2002 1401 71.550000
PRABHANSHU 25  2 2002 1581 51.980000
ANKIT 24  2 2002 1697 79.940000
MEENAL 24  2 2002 1697 70.020000
DEVDATT 24  2 2002 1724 67.700000
ADITYA 23  2 2002 1596 73.780000
YASH 22  2 2002 1562 79.230000
SHIVANSHU 18  2 2002 1574 64.460000
NIPUN 17  2 2002 1452 55.650000
VAIBHAV 16  2 2002 1696 43.890000
MUDE 15  2 2002 1733 93.050000
M 14  2 2002 1724 56.610000
VIJAY 14  2 2002 1632 91.920000
MANTHAN 13  2 2002 1494 40.060000
RAKESH 13  2 2002 1835 46.650000
SHUBH 28  1 2002 1615 45.320000
MOHIT 28  1 2002 1839 49.540000
JYAMITI 26  1 2002 1826 93.590000
SHUBHAM 26  1 2002 1808 86.100000
ASHUTOSH 25  1 2002 1844 80.190000
VIVEK 25  1 2002 1672 52.160000
KARISHMA 25  1 2002 1670 53.500000
MRIGANK 23  1 2002 1626 46.130000
RAJ 22  1 2002 1477 48.680000
VISHNU 20  1 2002 1839 92.160000
CHETHAN 18  1 2002 1523 93.010000
RAVNEESH 15  1 2002 1792 93.130000
SAMARTH 13  1 2002 1791 40.540000
VANKALA 12  1 2002 1801 71.100000
SAMEER 10  1 2002 1502 82.730000
PRANAY 10  1 2002 1799 47.600000
KESHAV 28  9 2001 1601 59.040000
MAYANK 28  9 2001 1682 41.790000
SARTHAK 28  9 2001 1840 64.210000
DEEPANSHU 26  9 2001 1900 58.390000
VAIBHAV 25  9 2001 1682 85.110000
KEDAM 25  9 2001 1481 56.500000
AAKASH 25  9 2001 1882 50.020000
NITESH 25  9 2001 1752 60.180000
SHIVAM 24  9 2001 1843 60.760000
PRAKHAR 23  9 2001 1449 74.920000
RITVIK 12  9 2001 1581 57.070000
SUKHBIR 12  9 2001 1535 98.460000
ABHISHEK 11  9 2001 1577 81.590000
RIJUL 10  9 2001 1400 59.560000
VAIBHAV 28  8 2001 1488 50.440000
ANURAG 25  8 2001 1701 88.230000
MOHIT 25  8 2001 1771 93.720000
KAILASH 24  8 2001 1662 82.510000
AKHILESH 21  8 2001 1615 45.840000
ARPIT 18  8 2001 1606 82.080000
PIYUSH 18  8 2001 1513 72.370000
KSHITIJ 14  8 2001 1585 91.340000
UTKARSH 14  8 2001 1789 76.770000
ABHINAV 14  8 2001 1430 93.730000
PIYUSH 13  8 2001 1472 77.810000
YOGESH 13  8 2001 1486 96.730000
ABHISHEK 12  8 2001 1711 64.910000
MAYANK 12  8 2001 1823 79.820000
PRASHANT 12  8 2001 1801 66.470000
SIMRAN 12  8 2001 1637 75.000000
SHWETANGI 11  8 2001 1775 48.830000
CHAPARA 10  8 2001 1859 50.020000
SANJAY 28  7 2001 1699 94.160000
JAYESH 27  7 2001 1873 51.660000
RUCHIT 26  7 2001 1730 62.040000
VIVEK 25  7 2001 1688 58.230000
PALAK 21  7 2001 1570 90.560000
KAIVALYA 15  7 2001 1690 64.660000
FULESH 15  7 2001 1806 43.920000
ANANT 13  7 2001 1686 42.810000
PRIYANSHU 12  7 2001 1657 69.070000
SAHIL 28  6 2001 1896 50.390000
MOHIT 26  6 2001 1602 67.890000
RAGHAV 25  6 2001 1764 46.620000
RAVI 25  6 2001 1461 91.520000
SHIVAM 24  6 2001 1501 97.980000
NAMAN 24  6 2001 1670 93.360000
PRIYANSH 24  6 2001 1552 94.330000
SATISH 21  6 2001 1696 94.780000
ABHEE 19  6 2001 1408 40.680000
SIDDHANT 18  6 2001 1422 51.030000
NAMRATA 17  6 2001 1646 81.970000
MAYUR 17  6 2001 1673 80.510000
RAVIRAJ 16  6 2001 1436 41.740000
ABHINAVA 16  6 2001 1819 64.660000
GAUTAM 14  6 2001 1883 44.770000
KIRAN 12  6 2001 1732 45.070000
SHUBHENDU 28  5 2001 1704 51.040000
VASU 24  5 2001 1843 72.680000
DIVYAM 23  5 2001 1822 70.380000
NIKITA 23  5 2001 1598 85.050000
BANAVATHU 22  5 2001 1581 96.560000
TARANDEEP 19  5 2001 1680 49.090000
NAMAN 19  5 2001 1503 83.300000
KSHITIJ 18  5 2001 1758 88.060000
DILKHUSH 17  5 2001 1508 89.640000
GAURAV 17  5 2001 1834 47.150000
HARSH 16  5 2001 1879 46.000000
RAMESH 13  5 2001 1716 83.720000
DEVENDRA 11  5 2001 1878 92.550000
VIJAY 11  5 2001 1724 99.590000
KUMAR 10  5 2001 1541 40.190000
ROHAN 26  4 2001 1568 93.230000
JASHANDEEP 26  4 2001 1695 84.520000
EKANT 21  4 2001 1854 90.470000
AMAN 20  4 2001 1465 42.710000
ANURAG 18  4 2001 1510 69.870000
KAASHIKA 16  4 2001 1736 67.490000
RAKESH 13  4 2001 1795 86.730000
RONAK 12  4 2001 1402 96.590000
VISHAL 12  4 2001 1591 89.680000
ARSH 12  4 2001 1813 97.470000
TARANSH 11  4 2001 1834 44.920000
ABHISHEK 11  4 2001 1724 70.570000
TANISH 27  3 2001 1447 60.360000
ATUL 27  3 2001 1873 91.820000
RISHABH 27  3 2001 1773 53.430000
ABHISHEK 24  3 2001 1444 75.930000
SHARUT 23  3 2001 1473 51.350000
AJAY 23  3 2001 1710 80.820000
ESLAVATH 21  3 2001 1746 54.990000
CHOKKAPU 20  3 2001 1790 45.410000
GARGI 12  3 2001 1527 91.450000
SHAILESH 11  3 2001 1630 92.390000
AKHILESH 27  2 2001 1504 93.560000
HARDYAL 27  2 2001 1510 84.460000
MOHAMMAD 26  2 2001 1816 40.140000
ROHAN 26  2 2001 1748 52.660000
ASHISH 25  2 2001 1809 63.980000
FAROOQUI 24  2 2001 1806 66.550000
PRATEEK 19  2 2001 1662 71.910000
ANSHUL 18  2 2001 1411 88.720000
RAVI 18  2 2001 1510 43.780000
ABHISHEK 18  2 2001 1406 77.400000
YASHANK 16  2 2001 1431 49.020000
DAMMALAPATI 15  2 2001 1530 41.120000
ADITYA 13  2 2001 1408 75.790000
RUDRANEEL 11  2 2001 1615 76.750000
PRABHAT 11  2 2001 1548 47.950000
SARTHAK 10  2 2001 1470 75.910000
ABHEET 28  1 2001 1718 75.400000
MANISH 23  1 2001 1874 72.970000
RISHABH 20  1 2001 1641 57.430000
SUNIL 20  1 2001 1640 96.750000
NEERAJ 19  1 2001 1845 46.820000
SHAYAN 17  1 2001 1711 91.970000
NISHANK 16  1 2001 1883 96.780000
GARVIL 16  1 2001 1766 95.250000
VIPUL 15  1 2001 1415 96.190000
SIDDHARTH 13  1 2001 1819 58.730000
PARTH 10  1 2001 1687 50.090000
MEDHA 28  9 2000 1885 61.260000
MANTHATI 28  9 2000 1895 81.600000
HIMANSHU 28  9 2000 1748 49.340000
KURITI 26  9 2000 1831 74.490000
NISHANT 24  9 2000 1543 56.830000
KARAN 23  9 2000 1691 82.980000
RAHUL 23  9 2000 1452 40.120000
DEEKSHITH 22  9 2000 1834 52.560000
GUNJAN 20  9 2000 1500 77.340000
YASH 18  9 2000 1628 76.730000
UJJWAL 17  9 2000 1659 80.420000
HARSHEET 15  9 2000 1499 96.390000
VIKAS 15  9 2000 1563 82.300000
ARUN 13  9 2000 1422 83.060000
RISHABH 11  9 2000 1665 40.350000
DONDAPATI 10  9 2000 1409 44.690000
SHAURYA 27  8 2000 1570 72.870000
HEMANT 26  8 2000 1545 47.780000
KABIR 24  8 2000 1669 99.090000
UTSAV 24  8 2000 1576 96.870000
JASWINDER 21  8 2000 1625 82.160000
HARIHARAN 20  8 2000 1438 98.060000
SHUBHAM 18  8 2000 1599 58.120000
ATUL 18  8 2000 1437 63.290000
ABHINANDAN 27  7 2000 1835 62.980000
SURYANSHU 27  7 2000 1540 89.660000
SURESH 27  7 2000 1713 51.660000
HARISH 26  7 2000 1541 95.640000
PALLI 21  7 2000 1773 70.870000
ANAND 17  7 2000 1622 77.050000
RAVURI 15  7 2000 1757 60.510000
NARENDRA 15  7 2000 1591 45.090000
HARSH 13  7 2000 1583 82.740000
SAHIL 10  7 2000 1865 49.800000
MUSUNURU 28  6 2000 1768 41.930000
ANIKET 28  6 2000 1652 94.130000
PAYAL 27  6 2000 1856 73.190000
PRIYANKA 22  6 2000 1502 71.120000
TANMAY 17  6 2000 1868 62.180000
DEVESH 17  6 2000 1699 79.880000
LAVI 13  6 2000 1724 91.600000
SIDDHARTH 12  6 2000 1786 49.270000
GAYANK 12  6 2000 1733 98.400000
PREM 12  6 2000 1720 86.910000
KAMAL 28  5 2000 1863 47.680000
LAKSHYA 25  5 2000 1689 87.260000
VISHNU 23  5 2000 1900 64.710000
KOTA 22  5 2000 1499 46.310000
ANKIT 21  5 2000 1610 70.820000
RAKSHIT 21  5 2000 1805 77.250000
VIPUL 20  5 2000 1536 56.460000
SUNAV 20  5 2000 1480 47.330000
LALMINLUN 18  5 2000 1676 66.030000
SANSKAR 16  5 2000 1422 91.400000
VINEET 14  5 2000 1762 74.690000
RUSHIL 13  5 2000 1675 88.880000
UTKARSH 13  5 2000 1655 64.410000
SATVIK 12  5 2000 1823 61.480000
KYLASA 10  5 2000 1501 77.000000
NARREDDY 27  4 2000 1671 53.580000
PRAKASH 27  4 2000 1667 58.450000
KONDETI 26  4 2000 1678 60.310000
SUPRIYA 25  4 2000 1736 51.570000
VAIBHAV 23  4 2000 1565 74.740000
AMAN 21  4 2000 1708 92.810000
RITIK 20  4 2000 1498 89.790000
ANOOP 20  4 2000 1717 81.940000
TUSHAR 16  4 2000 1540 78.590000
JATIN 15  4 2000 1545 75.290000
ANUBHAV 15  4 2000 1849 68.430000
APURV 27  3 2000 1535 54.160000
JATIN 26  3 2000 1884 90.940000
KAMYA 26  3 2000 1690 47.370000
PRADYUMNA 25  3 2000 1768 75.650000
SAKSHAM 24  3 2000 1539 88.300000
HARSHIT 24  3 2000 1635 84.560000
RISHI 23  3 2000 1520 71.260000
MOHAMMAD 20  3 2000 1709 68.410000
AMAN 19  3 2000 1609 50.660000
SAMAR 18  3 2000 1615 63.700000
MENDA 17  3 2000 1840 45.480000
RAJAT 16  3 2000 1701 56.590000
SAURAV 16  3 2000 1717 41.090000
BHAVYA 15  3 2000 1456 44.870000
BINTU 14  3 2000 1856 48.190000
YASH 13  3 2000 1570 98.050000
KAJOL 12  3 2000 1799 46.730000
SOMENDRA 11  3 2000 1687 96.280000
BURUJULA 11  3 2000 1643 52.350000
PRIYANSHI 28  2 2000 1714 57.730000
JANAK 28  2 2000 1416 85.820000
SANKET 28  2 2000 1702 61.600000
KOJA 25  2 2000 1436 95.010000
ASHISH 24  2 2000 1634 47.680000
SUDIP 24  2 2000 1667 77.940000
PARTH 23  2 2000 1611 80.070000
RAHUL 23  2 2000 1555 60.310000
NIKHIL 21  2 2000 1653 53.590000
RAVI 21  2 2000 1667 87.930000
PRATEEK 20  2 2000 1869 61.740000
AKASH 18  2 2000 1541 89.090000
KONAKANDLA 18  2 2000 1525 74.030000
RANU 15  2 2000 1489 96.320000
V 13  2 2000 1892 81.420000
ANUJ 13  2 2000 1813 90.790000
ESHWAR 10  2 2000 1618 75.940000
SWATI 28  1 2000 1744 72.660000
SATVIK 26  1 2000 1448 62.640000
DIVYANSH 25  1 2000 1766 96.340000
MANISH 20  1 2000 1592 71.470000
YOGESH 20  1 2000 1861 90.000000
UTSAV 18  1 2000 1696 41.920000
PRATHEEK 17  1 2000 1635 68.840000
VUSSE 16  1 2000 1647 67.580000
GAURAV 16  1 2000 1483 99.100000
JAY 15  1 2000 1621 79.370000
ALOK 10  1 2000 1437 82.100000
